# Author: Robert Costales
# Language: R
# Date: 4/24/2017
# Summary: This program analyzes three different datasets, and attempts to group
# them into the intended clusters using DBSCAN


# moons data coords
moons_x <- c(0.81, 1.61, -0.021, -1.02, 1.7, 1.882, 0.97, 0.88, 0.89, 1.116, -0.36380035733215055, 0.247024170641561, 1.8165865808413613, 1.216390502042343, -0.8236696008317257, 0.9806558330525754, 0.5409717516934739, 0.34803099630876516, 0.3518149694813853, -0.7770864200239589, 1.925908127930592, 0.8609672257768053, 0.19990694571886664, 1.2895300987577587, -0.2784763570369318, 0.24187916342212853, 1.8498876825048671, 1.884068687400457, 0.1658220005641683, 0.13861368978586056, 0.8908702411936019, -0.2280658689068732, 0.982792079267752, 0.042377487114823705, 0.7642261164780437, 1.9110893773332713, 0.4360843186169329, 0.961869382919592, -0.8433668374262108, -0.04122465637956635, 0.5550765263617962, -0.43882860432695137, 0.653264601142176, 0.10274835236134441, 1.5486824049196752, -0.3731837114917277, 1.017069779546365, -0.7192368482342129, 0.16135771739633958, 0.8643404486578421, -0.6971753260587878, 0.32791174584218086, 1.9804673415232734, -0.9047978397904133, 1.0451539701546235, 0.7534212951992765, 0.5496857719575924, 1.240380864880231, 0.24918868151527174, -0.20756104708796985, 0.35136403283074286, -1.0162875299663354, 1.7813705609485657, 0.8742382477677051, 1.099976438219453, -1.0702274431068057, -0.15869858336390993, 1.4656924734521233, 0.030252086241418986, -0.9365943032993428, 0.6603830717331564, -0.9914472810601037, 0.46339846621608327, -0.13200600455849518, 0.8156699719718332, -0.9482094655466501, 0.05300204890018048, 0.9264863386493691, 0.606899974357827, 0.729613913090043, 1.979602597909764, -0.020539019429525213, 0.6381836350092039, 2.006391793526921, 0.023155389583702356, -0.35883876754603417, 0.9541465310577094, -0.3392153193146809, 0.5995049244247563, 1.9901964358810011, 0.331257288128833, 0.9946042203727617, 1.9884545708838057, -0.6747371789257804, 2.0075110673830054, 1.7829833139860742, 1.7361665281777698, 0.4064621557860991, -1.0250534569332952, 0.06414295612834892, 1.3009214480198916, 1.9742557159417193, 0.0322838817332117, 1.0308615615021235, -0.9006249190273801, 0.08068561000841282, -0.9880776513911396, -0.47394435496615706, 1.5465193242788804, 0.23332452661525713, -0.5848168737377003, 0.03748779763987738, -0.01943215421438394, -0.8532366746585016, 0.9263553454470914, 1.4325055318709503, 0.606227564360764, 1.9440155354591946, 0.5798441410309267, 0.7431751882408199, 0.8711668642686966, -0.7104574532504682, -0.030815679530911702, -0.02985050201140879, -0.06313346747731736, -0.7922321423062557, 0.9209843419332786, 0.17794376878604326, 1.3493482770660188, 1.9838714326679712, 1.0010489152347946, -0.5425423953566147, -0.9969010979463845, 0.23408510556200285, 1.2143701857415208, 1.6010174462148448, 1.158442017781342, -1.0092252336483258, 2.0186595651405512, 0.8883986627771667, 0.10170895814198878, -0.012419658392449351, 0.4456650425441297, -0.3569344018353525, -0.4384503676249994, 1.0153417825554019, 0.23106069503845827, 1.3509877244099255, 0.25423420802770863, -0.005864564229802818, 0.4752852008817291, 1.6807176820939662, 0.8456428246354796, 0.34218757209999007, 0.587413675824549, -0.1781829238057518, 1.2586552825460704, 0.3354281413450259, 0.5263077386163315, 0.6424050994621768, 0.15770292032403394, 1.1117886295038044, 0.6037090318050344, 1.4824711751325774, 0.39793420785716527, 1.6724093395333453, 0.4755129495918798, 0.7060511649685566, 1.5641894305659148, 0.9401285395632449, 0.6140030118844003, -1.0713975737856734, -0.9130899576019843, -0.7482446872784877, 0.14688241059397922, 0.9436201433472216, 1.844898294618469, -0.6682734712780305, -0.736241798539231, 0.6014648171473271, 1.4743770296438, -0.8876000523643851, 1.928921643040576, 1.786734223689522, 1.951302277358737, 0.3347166616690279, -0.16884748553857182, 0.7706399350039733, -0.8870050346267055, -0.6288649178796699, -0.9300678289880796, 0.42447857605559847, 0.8086139233897207, 0.9400092761501126, -0.016091809627127394, -0.5363338482051548, 1.8828174896988241, 0.1757516099360155, 0.12423604113741277, 1.621525675409593)
